213.000000 
200.000000 
201.000000 
208.000000 
207.000000 
202.000000 
203.000000 
194.000000 
190.000000 
190.000000 
193.000000 
194.000000 
194.000000 
202.000000 
222.000000 
221.000000 
217.000000 
221.000000 
215.000000 
190.000000 
176.000000 
189.000000 
175.000000 
166.000000 
180.000000 
179.000000 
178.000000 
177.000000 
180.000000 
192.000000 
202.000000 
213.000000 
224.000000 
230.000000 
189.000000 
202.000000 
193.000000 
195.000000 
198.000000 
184.000000 
176.000000 
170.000000 
172.000000 
171.000000 
182.000000 
184.000000 
200.000000 
203.000000 
219.000000 
205.000000 
202.000000 
190.000000 
182.000000 
178.000000 
182.000000 
188.000000 
196.000000 
198.000000 
191.000000 
183.000000 
188.000000 
207.000000 
210.000000 
211.000000 
217.000000 
218.000000 
206.000000 
179.000000 
182.000000 
190.000000 
178.000000 
168.000000 
175.000000 
190.000000 
187.000000 
193.000000 
198.000000 
201.000000 
213.000000 
223.000000 
217.000000 
212.000000 
201.000000 
206.000000 
187.000000 
192.000000 
184.000000 
190.000000 
181.000000 
184.000000 
178.000000 
186.000000 
187.000000 
202.000000 
220.000000 
217.000000 
228.000000 
227.000000 
208.000000 
200.000000 
200.000000 
210.000000 
206.000000 
208.000000 
205.000000 
186.000000 
188.000000 
192.000000 
198.000000 
220.000000 
226.000000 
231.000000 
226.000000 
206.000000 
198.000000 
201.000000 
177.000000 
189.000000 
193.000000 
178.000000 
179.000000 
194.000000 
185.000000 
182.000000 
184.000000 
207.000000 
212.000000 
222.000000 
248.000000 
233.000000 
238.000000 
227.000000 
222.000000 
232.000000 
221.000000 
219.000000 
199.000000 
195.000000 
206.000000 
209.000000 
211.000000 
218.000000 
229.000000 
214.000000 
230.000000 
225.000000 
223.000000 
204.000000 
204.000000 
184.000000 
191.000000 
195.000000 
183.000000 
185.000000 
177.000000 
185.000000 
189.000000 
214.000000 
215.000000 
219.000000 
223.000000 
200.000000 
184.000000 
178.000000 
185.000000 
184.000000 
183.000000 
177.000000 

