1038.207153 
1026.533081 
1032.759277 
1054.550659 
1028.089600 
1052.994141 
1045.211548 
1040.541870 
1046.768066 
1021.863525 
1050.659302 
1051.437622 
1044.433228 
1063.111572 
1056.107178 
1070.894287 
1051.437622 
1031.980957 
1042.098389 
1026.533081 
1028.089600 
1025.754883 
1028.089600 
1047.546265 
1022.641785 
1035.093994 
1069.337769 
1052.215942 
1054.550659 
1042.876709 
1063.111572 
1061.555054 
1048.324585 
1056.885498 
1048.324585 
1037.428833 
1028.867920 
1014.080872 
1031.980957 
1038.207153 
1021.863525 
1039.763672 
1022.641785 
1031.980957 
1064.668091 
1033.537476 
1073.229126 
1058.442017 
1037.428833 
1070.894287 
1042.876709 
1042.098389 
1016.415649 
1029.646118 
1021.085266 
1014.859131 
1035.093994 
1044.433228 
1026.533081 
1062.333374 
1022.641785 
1061.555054 
1088.016113 
1035.093994 
1059.998535 
1053.772461 
1052.994141 
1034.315796 
1034.315796 
1028.089600 
1044.433228 
1032.759277 
1045.989746 
1042.876709 
1059.998535 
1071.672485 
1072.450806 
1068.559448 
1068.559448 
1069.337769 
1091.907471 
1041.320190 
1058.442017 
1059.220337 
1033.537476 
1003.185120 
1045.989746 
1033.537476 
1036.650513 
1032.759277 
1070.115967 
1074.007324 
1069.337769 
1065.446411 
1070.115967 
1052.215942 
1068.559448 
1052.994141 
1048.324585 
1027.311401 
1038.207153 
1064.668091 
1014.859131 
1041.320190 
1045.989746 
1041.320190 
1081.011719 
1056.885498 
1060.776855 
1070.894287 
1049.881104 
1070.894287 
1031.980957 
1088.016113 
1054.550659 
1064.668091 
1024.198364 
1054.550659 
1040.541870 
1039.763672 
1039.763672 
1069.337769 
1064.668091 
1058.442017 
1059.220337 
1067.002930 
1077.898682 
1038.985352 
1045.211548 
1078.677002 
1059.998535 
1020.307007 
1040.541870 
1042.098389 
1038.207153 
1056.107178 
1050.659302 
1070.115967 
1056.107178 
1068.559448 
1080.233521 
1073.229126 
1081.011719 
1059.998535 
1068.559448 
1070.115967 
1067.002930 
1044.433228 
1047.546265 
1075.563843 
1050.659302 
1042.098389 
1065.446411 
1063.111572 
1069.337769 
1087.237915 
1076.342163 
1102.024902 
1072.450806 
1050.659302 

