10326.287109 
10400.986328 
10317.926758 
10314.345703 
10335.691406 
10344.331055 
10395.211914 
10433.450195 
10400.963867 
10446.306641 
10241.286133 
10139.305664 
10170.085938 
10340.103516 
10275.376953 
10507.229492 
10460.125977 
10434.133789 
10337.529297 
10159.004883 
10163.656250 
10262.804688 
10352.909180 
10407.686523 
10430.659180 
10349.087891 
10203.583008 
10124.803711 
10171.882812 
10287.750000 
10342.815430 
10392.759766 
10479.620117 
10488.065430 
10317.919922 
10186.315430 
10110.360352 
10318.760742 
10422.462891 
10433.249023 
10467.742188 
10401.789062 
10325.708984 
10102.245117 
10228.039062 
10319.604492 
10390.161133 
10374.958984 
10448.987305 
10340.839844 
10297.254883 
10250.180664 
10234.741211 
10397.159180 
10394.538086 
10443.549805 
10528.570312 
10427.904297 
10216.006836 
10096.476562 
10129.469727 
10288.853516 
10377.166016 
10451.833984 
10397.948242 
10404.216797 
10312.803711 
10175.735352 
10155.763672 
10354.747070 
10472.538086 
10453.976562 
10528.049805 
10446.553711 
10297.867188 
10152.416992 
10166.906250 
10266.858398 
10400.195312 
10406.326172 
10467.534180 
10404.621094 
10185.514648 
10164.727539 
10179.127930 
10318.438477 
10354.631836 
10371.891602 
10443.890625 
10456.864258 
10336.807617 
10211.856445 
10215.068359 
10355.619141 
10376.325195 
10391.682617 
10478.635742 
10512.545898 
10346.203125 
10085.936523 
10080.649414 
10299.949219 
10311.865234 
10349.212891 
10318.505859 
10297.135742 
10221.210938 
10233.332031 
10188.802734 
10305.630859 
10385.681641 
10410.122070 
10498.740234 
10434.498047 
10299.659180 
10215.248047 
10170.621094 
10339.829102 
10357.673828 
10438.104492 
10502.328125 
10402.317383 
10321.565430 
10203.964844 
10153.505859 
10316.969727 
10411.089844 
10406.890625 
10450.928711 
10436.178711 
10224.965820 
10149.546875 
10212.542969 
10364.841797 
10424.542969 
10460.890625 
10492.540039 
10476.995117 
10389.682617 
10211.957031 
10215.858398 
10317.905273 
10408.878906 
10476.737305 
10447.618164 
10439.961914 
10203.421875 
10141.330078 
10157.205078 
10338.267578 
10424.826172 
10429.099609 
10454.730469 
10478.771484 
10365.532227 
10226.601562 
10184.279297 
10270.809570 
10270.799805 
10475.829102 
10453.567383 
10426.620117 
10290.096680 
10192.751953 
10203.197266 
10289.810547 
10354.527344 
10485.715820 
10459.231445 
10300.795898 
10117.536133 
10167.928711 
10223.473633 
10365.884766 
10314.124023 
10442.447266 
10507.454102 
10376.635742 
10179.166016 
10174.537109 
10218.405273 
10362.057617 
10437.684570 
10451.501953 
10483.927734 
10354.650391 
10318.367188 
10176.599609 
10171.414062 
10258.789062 
10414.848633 
10514.070312 

